
                              SATURN  

            Time        a        Q        e      peri       i        M      node     oblq       q        r        x        y        z       vx       vy       vz   
          0.0000000  9.58095 10.10420 0.054614 335.0167   2.4852 308.9319 113.6439   2.4852   9.0577   9.2703  7.80948  4.97930 -0.39717 -0.00329  0.00470  0.00005
          0.0657084  9.58118 10.10519 0.054691 335.0512   2.4852 309.7043 113.6440   2.4852   9.0572   9.2643  7.72957  5.09160 -0.39595 -0.00336  0.00466  0.00005
          0.1314168  9.58136 10.10610 0.054768 335.0948   2.4852 310.4682 113.6439   2.4852   9.0566   9.2583  7.64798  5.20280 -0.39464 -0.00343  0.00461  0.00006
          0.1971253  9.58141 10.10683 0.054838 335.1507   2.4852 311.2195 113.6442   2.4852   9.0560   9.2524  7.56474  5.31288 -0.39325 -0.00350  0.00456  0.00006
          0.2628337  9.58139 10.10742 0.054901 335.2107   2.4852 311.9665 113.6445   2.4852   9.0554   9.2465  7.47987  5.42181 -0.39177 -0.00357  0.00451  0.00006
          0.3723477  9.58140 10.10842 0.055005 335.3086   2.4852 313.2137 113.6445   2.4852   9.0544   9.2368  7.33482  5.60073 -0.38911 -0.00368  0.00443  0.00007
          0.4380561  9.58144 10.10908 0.055069 335.3661   2.4852 313.9632 113.6446   2.4852   9.0538   9.2311  7.24565  5.70646 -0.38741 -0.00375  0.00438  0.00007
          0.5037645  9.58156 10.10987 0.055137 335.4184   2.4852 314.7182 113.6444   2.4852   9.0533   9.2254  7.15491  5.81096 -0.38562 -0.00381  0.00433  0.00008
          0.5694730  9.58178 10.11085 0.055216 335.4686   2.4852 315.4762 113.6440   2.4852   9.0527   9.2198  7.06260  5.91418 -0.38375 -0.00388  0.00427  0.00008
          0.6789870  9.58215 10.11261 0.055359 335.5672   2.4852 316.7263 113.6434   2.4852   9.0517   9.2106  6.90533  6.08333 -0.38044 -0.00398  0.00418  0.00009
          0.7446954  9.58229 10.11356 0.055443 335.6395   2.4852 317.4639 113.6433   2.4852   9.0510   9.2051  6.80893  6.18304 -0.37834 -0.00405  0.00413  0.00009
          0.8104038  9.58236 10.11441 0.055524 335.7216   2.4852 318.1922 113.6431   2.4852   9.0503   9.1998  6.71104  6.28140 -0.37616 -0.00411  0.00407  0.00009
          0.8761123  9.58233 10.11509 0.055599 335.8137   2.4852 318.9107 113.6429   2.4852   9.0496   9.1944  6.61167  6.37836 -0.37390 -0.00417  0.00401  0.00010
          0.9418207  9.58217 10.11554 0.055662 335.9141   2.4852 319.6205 113.6430   2.4852   9.0488   9.1892  6.51083  6.47392 -0.37155 -0.00423  0.00395  0.00010
          1.0513347  9.58195 10.11626 0.055763 336.0750   2.4852 320.8100 113.6423   2.4852   9.0476   9.1805  6.33959  6.62998 -0.36746 -0.00433  0.00385  0.00011
          1.1170431  9.58190 10.11684 0.055828 336.1665   2.4853 321.5293 113.6414   2.4853   9.0470   9.1754  6.23496  6.72166 -0.36490 -0.00439  0.00379  0.00011
          1.1827515  9.58189 10.11747 0.055895 336.2575   2.4853 322.2489 113.6406   2.4853   9.0463   9.1704  6.12894  6.81185 -0.36225 -0.00445  0.00373  0.00011
          1.2484600  9.58196 10.11825 0.055969 336.3450   2.4853 322.9727 113.6394   2.4853   9.0457   9.1655  6.02157  6.90052 -0.35952 -0.00450  0.00366  0.00012
          1.3579740  9.58217 10.11975 0.056102 336.4949   2.4853 324.1759 113.6374   2.4853   9.0446   9.1574  5.83963  7.04487 -0.35480 -0.00459  0.00355  0.00012
          1.4236824  9.58223 10.12053 0.056177 336.5934   2.4854 324.8893 113.6366   2.4854   9.0439   9.1526  5.72871  7.12939 -0.35186 -0.00465  0.00349  0.00012
          1.4893908  9.58227 10.12127 0.056250 336.6922   2.4854 325.6021 113.6359   2.4854   9.0433   9.1479  5.61652  7.21231 -0.34884 -0.00470  0.00342  0.00013
          1.5550992  9.58233 10.12201 0.056320 336.7901   2.4854 326.3157 113.6351   2.4854   9.0426   9.1433  5.50306  7.29360 -0.34575 -0.00475  0.00335  0.00013
          1.6646133  9.58245 10.12326 0.056437 336.9497   2.4854 327.5079 113.6342   2.4854   9.0416   9.1358  5.31123  7.42545 -0.34041 -0.00484  0.00324  0.00014
          1.7303217  9.58262 10.12415 0.056512 337.0383   2.4854 328.2302 113.6335   2.4854   9.0411   9.1314  5.19453  7.50233 -0.33711 -0.00489  0.00317  0.00014
          1.7960301  9.58289 10.12522 0.056594 337.1237   2.4855 328.9560 113.6326   2.4855   9.0406   9.1270  5.07665  7.57752 -0.33373 -0.00494  0.00310  0.00014
          1.8617385  9.58319 10.12637 0.056680 337.2117   2.4855 329.6794 113.6318   2.4855   9.0400   9.1228  4.95763  7.65100 -0.33028 -0.00498  0.00303  0.00015
          1.9274470  9.58345 10.12742 0.056762 337.3046   2.4855 330.3979 113.6312   2.4855   9.0395   9.1186  4.83749  7.72275 -0.32675 -0.00503  0.00295  0.00015
          2.0369610  9.58378 10.12899 0.056889 337.4668   2.4855 331.5882 113.6301   2.4855   9.0386   9.1118  4.63482  7.83843 -0.32070 -0.00510  0.00283  0.00015
          2.1026694  9.58387 10.12970 0.056953 337.5696   2.4855 332.2965 113.6297   2.4855   9.0380   9.1079  4.51180  7.90547 -0.31698 -0.00515  0.00276  0.00016
          2.1683778  9.58385 10.13016 0.057003 337.6720   2.4855 333.0043 113.6294   2.4855   9.0375   9.1040  4.38777  7.97071 -0.31318 -0.00519  0.00268  0.00016
          2.2340862  9.58385 10.13061 0.057050 337.7668   2.4856 333.7190 113.6289   2.4856   9.0371   9.1002  4.26273  8.03414 -0.30931 -0.00523  0.00260  0.00016
          2.3436003  9.58400 10.13158 0.057135 337.9081   2.4856 334.9256 113.6278   2.4856   9.0364   9.0941  4.05219  8.13579 -0.30270 -0.00530  0.00248  0.00017
          2.4093087  9.58418 10.13229 0.057189 337.9856   2.4856 335.6563 113.6273   2.4856   9.0361   9.0906  3.92463  8.19430 -0.29865 -0.00533  0.00240  0.00017
          2.4750171  9.58446 10.13319 0.057252 338.0582   2.4856 336.3918 113.6267   2.4856   9.0357   9.0871  3.79617  8.25095 -0.29453 -0.00537  0.00232  0.00017
          2.5407255  9.58481 10.13422 0.057321 338.1310   2.4857 337.1272 113.6262   2.4857   9.0354   9.0838  3.66684  8.30571 -0.29033 -0.00541  0.00224  0.00018
          2.6502396  9.58528 10.13571 0.057425 338.2639   2.4857 338.3412 113.6261   2.4857   9.0348   9.0784  3.44943  8.39275 -0.28320 -0.00546  0.00211  0.00018
          2.7159480  9.58546 10.13640 0.057477 338.3467   2.4857 339.0662 113.6261   2.4857   9.0345   9.0753  3.31792  8.44241 -0.27884 -0.00550  0.00203  0.00018
          2.7816564  9.58558 10.13696 0.057521 338.4304   2.4857 339.7900 113.6263   2.4857   9.0342   9.0723  3.18565  8.49013 -0.27441 -0.00553  0.00195  0.00019
          2.8473648  9.58562 10.13733 0.057556 338.5150   2.4856 340.5124 113.6266   2.4856   9.0339   9.0694  3.05265  8.53591 -0.26991 -0.00556  0.00187  0.00019
          2.9130732  9.58562 10.13759 0.057583 338.5950   2.4856 341.2387 113.6267   2.4856   9.0336   9.0665  2.91895  8.57972 -0.26536 -0.00559  0.00178  0.00019
          3.0225873  9.58570 10.13815 0.057633 338.7188   2.4857 342.4585 113.6265   2.4857   9.0332   9.0621  2.69463  8.64835 -0.25763 -0.00563  0.00165  0.00020
          3.0882957  9.58576 10.13850 0.057662 338.7931   2.4857 343.1902 113.6264   2.4857   9.0330   9.0595  2.55921  8.68688 -0.25291 -0.00566  0.00156  0.00020
          3.1540041  9.58579 10.13878 0.057688 338.8668   2.4857 343.9224 113.6263   2.4857   9.0328   9.0571  2.42319  8.72340 -0.24814 -0.00568  0.00148  0.00020
          3.2197125  9.58581 10.13901 0.057711 338.9410   2.4857 344.6542 113.6261   2.4857   9.0326   9.0548  2.28661  8.75791 -0.24331 -0.00570  0.00140  0.00020
          3.3292266  9.58569 10.13910 0.057732 339.0685   2.4857 345.8694 113.6261   2.4857   9.0323   9.0511  2.05783  8.81094 -0.23513 -0.00574  0.00126  0.00021
          3.3949350  9.58549 10.13886 0.057730 339.1426   2.4857 346.6002 113.6263   2.4857   9.0321   9.0491  1.91992  8.84004 -0.23015 -0.00576  0.00117  0.00021
          3.4606434  9.58528 10.13858 0.057724 339.2110   2.4857 347.3362 113.6263   2.4857   9.0320   9.0471  1.78157  8.86710 -0.22512 -0.00577  0.00108  0.00021
          3.5263518  9.58511 10.13837 0.057721 339.2740   2.4857 348.0772 113.6263   2.4857   9.0318   9.0453  1.64281  8.89211 -0.22004 -0.00579  0.00100  0.00021
          3.6358658  9.58490 10.13813 0.057720 339.3716   2.4857 349.3188 113.6263   2.4857   9.0317   9.0424  1.41071  8.92922 -0.21145 -0.00581  0.00086  0.00022
          3.7015743  9.58488 10.13819 0.057728 339.4271   2.4857 350.0669 113.6262   2.4857   9.0316   9.0409  1.27100  8.94873 -0.20624 -0.00583  0.00077  0.00022
          3.7672827  9.58491 10.13835 0.057741 339.4854   2.4857 350.8124 113.6262   2.4857   9.0315   9.0395  1.13101  8.96617 -0.20097 -0.00584  0.00068  0.00022
          3.8329911  9.58487 10.13837 0.057747 339.5497   2.4857 351.5523 113.6264   2.4857   9.0314   9.0381  0.99075  8.98153 -0.19566 -0.00585  0.00060  0.00022
          3.8986995  9.58474 10.13820 0.057744 339.6160   2.4856 352.2904 113.6265   2.4856   9.0313   9.0369  0.85026  8.99481 -0.19030 -0.00586  0.00051  0.00022
          4.0082136  9.58431 10.13747 0.057715 339.7284   2.4856 353.5186 113.6267   2.4856   9.0311   9.0351  0.61569  9.01230 -0.18128 -0.00587  0.00036  0.00023
          4.0739220  9.58387 10.13666 0.057679 339.7937   2.4856 354.2572 113.6269   2.4856   9.0311   9.0342  0.47476  9.02001 -0.17581 -0.00587  0.00028  0.00023
          4.1396304  9.58339 10.13575 0.057637 339.8511   2.4856 355.0031 113.6268   2.4856   9.0310   9.0334  0.33371  9.02562 -0.17030 -0.00588  0.00019  0.00023
          4.2053388  9.58295 10.13490 0.057598 339.9017   2.4856 355.7553 113.6266   2.4856   9.0310   9.0327  0.19259  9.02914 -0.16474 -0.00588  0.00010  0.00023
          4.3148528  9.58233 10.13372 0.057542 339.9799   2.4857 357.0148 113.6263   2.4857   9.0309   9.0318 -0.04268  9.03035 -0.15541 -0.00588 -0.00004  0.00023
          4.3805613  9.58201 10.13310 0.057513 340.0240   2.4857 357.7732 113.6261   2.4857   9.0309   9.0314 -0.18384  9.02828 -0.14976 -0.00588 -0.00013  0.00024
          4.4462697  9.58174 10.13257 0.057487 340.0688   2.4857 358.5311 113.6259   2.4857   9.0309   9.0311 -0.32495  9.02412 -0.14407 -0.00588 -0.00022  0.00024
          4.5119781  9.58146 10.13202 0.057461 340.1165   2.4857 359.2863 113.6258   2.4857   9.0309   9.0310 -0.46599  9.01786 -0.13836 -0.00587 -0.00030  0.00024
          4.6214921  9.58079 10.13067 0.057394 340.1944   2.4857   0.5465 113.6259   2.4857   9.0309   9.0309 -0.70079  9.00278 -0.12875 -0.00586 -0.00045  0.00024
          4.6872005  9.58034 10.12976 0.057349 340.2363   2.4857   1.3071 113.6259   2.4857   9.0309   9.0311 -0.84146  8.99094 -0.12295 -0.00586 -0.00054  0.00024
          4.7529090  9.57989 10.12886 0.057304 340.2757   2.4857   2.0700 113.6259   2.4857   9.0309   9.0313 -0.98193  8.97702 -0.11712 -0.00585 -0.00062  0.00024
          4.8186174  9.57942 10.12790 0.057256 340.3116   2.4857   2.8361 113.6259   2.4857   9.0309   9.0317 -1.12217  8.96102 -0.11127 -0.00584 -0.00071  0.00024
          4.8843258  9.57900 10.12705 0.057214 340.3447   2.4857   3.6050 113.6257   2.4857   9.0310   9.0322 -1.26214  8.94293 -0.10539 -0.00583 -0.00080  0.00025
          4.9938398  9.57843 10.12587 0.057153 340.4035   2.4858   4.8835 113.6255   2.4858   9.0310   9.0332 -1.49477  8.90819 -0.09553 -0.00580 -0.00094  0.00025
          5.0595483  9.57803 10.12502 0.057109 340.4417   2.4858   5.6480 113.6254   2.4858   9.0310   9.0340 -1.63388  8.88459 -0.08959 -0.00579 -0.00103  0.00025
          5.1252567  9.57756 10.12405 0.057059 340.4791   2.4858   6.4135 113.6253   2.4858   9.0311   9.0349 -1.77262  8.85893 -0.08362 -0.00577 -0.00111  0.00025
          5.1909651  9.57702 10.12292 0.057001 340.5147   2.4858   7.1810 113.6252   2.4858   9.0311   9.0359 -1.91094  8.83121 -0.07764 -0.00575 -0.00120  0.00025
          5.3004791  9.57589 10.12058 0.056882 340.5641   2.4858   8.4694 113.6251   2.4858   9.0312   9.0379 -2.14047  8.78048 -0.06763 -0.00572 -0.00134  0.00025
          5.3661875  9.57514 10.11905 0.056804 340.5821   2.4859   9.2532 113.6250   2.4859   9.0312   9.0392 -2.27753  8.74733 -0.06160 -0.00570 -0.00142  0.00025
          5.4318960  9.57445 10.11764 0.056733 340.5942   2.4859  10.0425 113.6249   2.4859   9.0313   9.0406 -2.41406  8.71216 -0.05556 -0.00568 -0.00151  0.00025
          5.4976044  9.57385 10.11640 0.056671 340.6054   2.4859  10.8326 113.6248   2.4859   9.0313   9.0421 -2.55002  8.67498 -0.04950 -0.00565 -0.00159  0.00025
          5.6071184  9.57298 10.11462 0.056580 340.6216   2.4860  12.1515 113.6246   2.4860   9.0313   9.0450 -2.77530  8.60856 -0.03938 -0.00561 -0.00173  0.00025
          5.6728268  9.57256 10.11375 0.056535 340.6354   2.4860  12.9391 113.6246   2.4860   9.0314   9.0468 -2.90962  8.56606 -0.03330 -0.00558 -0.00181  0.00025
          5.7385352  9.57215 10.11287 0.056489 340.6545   2.4861  13.7221 113.6245   2.4861   9.0314   9.0487 -3.04327  8.52158 -0.02721 -0.00555 -0.00189  0.00025
          5.8042437  9.57164 10.11179 0.056432 340.6723   2.4861  14.5067 113.6245   2.4861   9.0315   9.0508 -3.17621  8.47514 -0.02111 -0.00552 -0.00198  0.00025
          5.8699521  9.57106 10.11056 0.056369 340.6870   2.4861  15.2944 113.6245   2.4861   9.0315   9.0530 -3.30841  8.42675 -0.01501 -0.00549 -0.00206  0.00025
          5.9794661  9.56995 10.10827 0.056251 340.7028   2.4861  16.6158 113.6245   2.4861   9.0316   9.0568 -3.52704  8.34180 -0.00484 -0.00544 -0.00219  0.00025
          6.0451745  9.56920 10.10674 0.056174 340.7032   2.4861  17.4174 113.6245   2.4861   9.0317   9.0593 -3.65714  8.28827  0.00127 -0.00540 -0.00227  0.00025
          6.1108830  9.56849 10.10528 0.056100 340.6989   2.4862  18.2231 113.6245   2.4862   9.0317   9.0618 -3.78639  8.23284  0.00737 -0.00537 -0.00235  0.00025
          6.1765914  9.56784 10.10397 0.056034 340.6941   2.4862  19.0292 113.6245   2.4862   9.0317   9.0645 -3.91477  8.17552  0.01348 -0.00533 -0.00243  0.00025
          6.2861054  9.56678 10.10180 0.055925 340.6874   2.4863  20.3719 113.6246   2.4863   9.0318   9.0692 -4.12672  8.07583  0.02364 -0.00527 -0.00256  0.00025
          6.3518138  9.56614 10.10050 0.055859 340.6818   2.4864  21.1792 113.6247   2.4864   9.0318   9.0721 -4.25264  8.01356  0.02974 -0.00523 -0.00263  0.00025
          6.4175222  9.56549 10.09916 0.055792 340.6754   2.4864  21.9874 113.6248   2.4864   9.0318   9.0751 -4.37758  7.94945  0.03582 -0.00519 -0.00271  0.00025
          6.4832307  9.56475 10.09767 0.055717 340.6657   2.4864  22.7992 113.6248   2.4864   9.0318   9.0783 -4.50151  7.88353  0.04190 -0.00514 -0.00278  0.00025
          6.5927447  9.56341 10.09501 0.055587 340.6314   2.4865  24.1693 113.6250   2.4865   9.0318   9.0838 -4.70577  7.76968  0.05201 -0.00507 -0.00291  0.00025
          6.6584531  9.56267 10.09355 0.055516 340.6058   2.4865  24.9957 113.6251   2.4865   9.0318   9.0872 -4.82689  7.69901  0.05806 -0.00502 -0.00298  0.00025
          6.7241615  9.56197 10.09219 0.055451 340.5809   2.4866  25.8216 113.6252   2.4866   9.0317   9.0907 -4.94692  7.62659  0.06409 -0.00498 -0.00305  0.00025
          6.7898700  9.56133 10.09096 0.055393 340.5558   2.4866  26.6473 113.6254   2.4866   9.0317   9.0943 -5.06581  7.55244  0.07011 -0.00493 -0.00313  0.00025
          6.8555784  9.56079 10.08990 0.055342 340.5352   2.4867  27.4688 113.6256   2.4867   9.0317   9.0980 -5.18356  7.47658  0.07612 -0.00488 -0.00320  0.00025
          6.9650924  9.55994 10.08820 0.055258 340.5133   2.4867  28.8270 113.6258   2.4867   9.0317   9.1045 -5.37717  7.34640  0.08609 -0.00480 -0.00331  0.00025
          7.0308008  9.55932 10.08696 0.055196 340.4972   2.4867  29.6455 113.6260   2.4867   9.0317   9.1084 -5.49172  7.26608  0.09204 -0.00475 -0.00338  0.00025
          7.0965092  9.55862 10.08555 0.055126 340.4751   2.4868  30.4700 113.6262   2.4868   9.0317   9.1125 -5.60503  7.18411  0.09798 -0.00469 -0.00345  0.00025
          7.1622177  9.55783 10.08401 0.055052 340.4465   2.4868  31.3010 113.6264   2.4868   9.0317   9.1166 -5.71707  7.10053  0.10389 -0.00464 -0.00352  0.00025
          7.2717317  9.55632 10.08112 0.054916 340.3749   2.4869  32.7087 113.6269   2.4869   9.0315   9.1238 -5.90092  6.95769  0.11369 -0.00455 -0.00363  0.00024
          7.3374401  9.55544 10.07948 0.054843 340.3234   2.4869  33.5609 113.6274   2.4869   9.0314   9.1282 -6.00946  6.86990  0.11954 -0.00449 -0.00369  0.00024
          7.4031485  9.55465 10.07806 0.054780 340.2744   2.4870  34.4105 113.6278   2.4870   9.0312   9.1326 -6.11665  6.78057  0.12536 -0.00444 -0.00375  0.00024
          7.4688569  9.55391 10.07672 0.054721 340.2270   2.4871  35.2586 113.6282   2.4871   9.0311   9.1372 -6.22247  6.68973  0.13115 -0.00438 -0.00382  0.00024
          7.5783710  9.55280 10.07472 0.054634 340.1536   2.4871  36.6666 113.6288   2.4871   9.0309   9.1450 -6.39572  6.53503  0.14074 -0.00428 -0.00392  0.00024
          7.6440794  9.55219 10.07360 0.054585 340.1149   2.4872  37.5068 113.6291   2.4872   9.0308   9.1498 -6.49777  6.44026  0.14645 -0.00422 -0.00398  0.00024
          7.7097878  9.55150 10.07232 0.054528 340.0725   2.4872  38.3511 113.6292   2.4872   9.0307   9.1547 -6.59838  6.34406  0.15213 -0.00416 -0.00404  0.00024
          7.7754962  9.55074 10.07096 0.054469 340.0229   2.4872  39.2024 113.6295   2.4872   9.0305   9.1597 -6.69751  6.24646  0.15777 -0.00410 -0.00410  0.00023
          7.8412047  9.54997 10.06959 0.054411 339.9684   2.4872  40.0582 113.6299   2.4872   9.0303   9.1647 -6.79516  6.14747  0.16338 -0.00404 -0.00415  0.00023
          7.9507187  9.54871 10.06740 0.054320 339.8747   2.4873  41.4873 113.6304   2.4873   9.0300   9.1733 -6.95453  5.97949  0.17265 -0.00393 -0.00425  0.00023
          8.0164271  9.54798 10.06616 0.054271 339.8162   2.4873  42.3466 113.6310   2.4873   9.0298   9.1786 -7.04812  5.87693  0.17816 -0.00387 -0.00430  0.00023
          8.0821355  9.54732 10.06505 0.054228 339.7612   2.4874  43.2023 113.6316   2.4874   9.0296   9.1839 -7.14014  5.77309  0.18363 -0.00380 -0.00435  0.00023
          8.1478439  9.54671 10.06402 0.054187 339.7125   2.4874  44.0524 113.6320   2.4874   9.0294   9.1893 -7.23059  5.66797  0.18906 -0.00374 -0.00441  0.00023
          8.2573580  9.54556 10.06205 0.054108 339.6228   2.4875  45.4784 113.6328   2.4875   9.0291   9.1985 -7.37779  5.49004  0.19802 -0.00362 -0.00449  0.00022
          8.3230664  9.54480 10.06076 0.054056 339.5614   2.4875  46.3416 113.6333   2.4875   9.0288   9.2040 -7.46396  5.38167  0.20334 -0.00356 -0.00454  0.00022
          8.3887748  9.54399 10.05939 0.054003 339.4946   2.4875  47.2104 113.6337   2.4875   9.0286   9.2097 -7.54850  5.27213  0.20861 -0.00349 -0.00459  0.00022
          8.4544832  9.54307 10.05790 0.053948 339.4153   2.4876  48.0911 113.6341   2.4876   9.0282   9.2154 -7.63138  5.16145  0.21383 -0.00342 -0.00464  0.00022
          8.5639973  9.54160 10.05562 0.053872 339.2736   2.4877  49.5669 113.6352   2.4877   9.0276   9.2251 -7.76581  4.97450  0.22244 -0.00330 -0.00471  0.00021
          8.6297057  9.54085 10.05453 0.053840 339.1962   2.4877  50.4446 113.6357   2.4877   9.0272   9.2310 -7.84422  4.86089  0.22754 -0.00323 -0.00476  0.00021
          8.6954141  9.54015 10.05355 0.053814 339.1227   2.4877  51.3184 113.6362   2.4877   9.0268   9.2370 -7.92093  4.74623  0.23259 -0.00316 -0.00480  0.00021
          8.7611225  9.53956 10.05272 0.053793 339.0570   2.4877  52.1844 113.6366   2.4877   9.0264   9.2430 -7.99593  4.63055  0.23759 -0.00309 -0.00484  0.00021
          8.8268309  9.53904 10.05201 0.053776 339.0002   2.4878  53.0421 113.6369   2.4878   9.0261   9.2491 -8.06920  4.51388  0.24254 -0.00302 -0.00488  0.00021
          8.9363450  9.53812 10.05067 0.053737 338.9081   2.4878  54.4709 113.6370   2.4878   9.0256   9.2594 -8.18745  4.31728  0.25067 -0.00290 -0.00495  0.00020
          9.0020534  9.53746 10.04969 0.053707 338.8424   2.4878  55.3387 113.6374   2.4878   9.0252   9.2656 -8.25606  4.19808  0.25548 -0.00282 -0.00499  0.00020
          9.0677618  9.53675 10.04866 0.053678 338.7698   2.4878  56.2131 113.6378   2.4878   9.0248   9.2719 -8.32289  4.07799  0.26023 -0.00275 -0.00502  0.00020
          9.1334702  9.53599 10.04758 0.053648 338.6919   2.4878  57.0928 113.6382   2.4878   9.0244   9.2783 -8.38795  3.95703  0.26493 -0.00267 -0.00506  0.00019
          9.2429843  9.53468 10.04581 0.053608 338.5489   2.4879  58.5704 113.6394   2.4879   9.0235   9.2889 -8.49239  3.75358  0.27263 -0.00255 -0.00511  0.00019
          9.3086927  9.53398 10.04494 0.053594 338.4681   2.4879  59.4516 113.6401   2.4879   9.0230   9.2954 -8.55264  3.63044  0.27717 -0.00247 -0.00515  0.00019
          9.3744011  9.53334 10.04417 0.053583 338.3947   2.4879  60.3260 113.6405   2.4879   9.0225   9.3019 -8.61109  3.50654  0.28166 -0.00240 -0.00518  0.00019
          9.4401095  9.53271 10.04340 0.053572 338.3214   2.4880  61.2004 113.6409   2.4880   9.0220   9.3085 -8.66771  3.38191  0.28608 -0.00232 -0.00521  0.00018
          9.5496235  9.53167 10.04217 0.053558 338.2005   2.4880  62.6569 113.6413   2.4880   9.0212   9.3196 -8.75800  3.17261  0.29332 -0.00219 -0.00526  0.00018
          9.6153320  9.53102 10.04138 0.053548 338.1258   2.4880  63.5335 113.6412   2.4880   9.0207   9.3262 -8.80972  3.04614  0.29759 -0.00212 -0.00528  0.00018
          9.6810404  9.53029 10.04053 0.053539 338.0418   2.4880  64.4190 113.6414   2.4880   9.0201   9.3330 -8.85959  2.91904  0.30178 -0.00204 -0.00531  0.00017
          9.7467488  9.52957 10.03975 0.053536 337.9553   2.4880  65.3063 113.6417   2.4880   9.0194   9.3397 -8.90760  2.79133  0.30592 -0.00196 -0.00533  0.00017
          9.8124572  9.52893 10.03913 0.053542 337.8756   2.4880  66.1865 113.6419   2.4880   9.0187   9.3465 -8.95375  2.66304  0.30999 -0.00188 -0.00536  0.00017
          9.9219713  9.52801 10.03832 0.053559 337.7567   2.4880  67.6397 113.6421   2.4880   9.0177   9.3579 -9.02651  2.44802  0.31664 -0.00175 -0.00539  0.00016
          9.9876797  9.52755 10.03799 0.053575 337.6963   2.4880  68.5006 113.6423   2.4880   9.0171   9.3648 -9.06767  2.31832  0.32053 -0.00168 -0.00541  0.00016
         10.0533881  9.52719 10.03776 0.053591 337.6466   2.4880  69.3516 113.6422   2.4880   9.0166   9.3718 -9.10696  2.18815  0.32437 -0.00160 -0.00543  0.00016
         10.1190965  9.52679 10.03743 0.053600 337.5967   2.4880  70.2037 113.6420   2.4880   9.0162   9.3787 -9.14435  2.05753  0.32813 -0.00152 -0.00545  0.00016
         10.2286105  9.52595 10.03664 0.053611 337.4945   2.4880  71.6429 113.6420   2.4880   9.0153   9.3904 -9.20249  1.83890  0.33425 -0.00139 -0.00548  0.00015
         10.2943190  9.52537 10.03610 0.053618 337.4241   2.4880  72.5152 113.6421   2.4880   9.0146   9.3974 -9.23484  1.70722  0.33784 -0.00131 -0.00549  0.00015
         10.3600274  9.52471 10.03550 0.053628 337.3457   2.4880  73.3955 113.6421   2.4880   9.0139   9.4044 -9.26531  1.57519  0.34135 -0.00123 -0.00551  0.00014
         10.4257358  9.52404 10.03495 0.053644 337.2626   2.4880  74.2794 113.6424   2.4880   9.0131   9.4115 -9.29387  1.44284  0.34479 -0.00115 -0.00552  0.00014
         10.5352498  9.52309 10.03439 0.053690 337.1409   2.4880  75.7348 113.6426   2.4880   9.0118   9.4234 -9.33727  1.22164  0.35038 -0.00102 -0.00554  0.00014
         10.6009582  9.52265 10.03423 0.053722 337.0830   2.4880  76.5935 113.6422   2.4880   9.0111   9.4305 -9.36077  1.08858  0.35363 -0.00094 -0.00555  0.00013
         10.6666667  9.52228 10.03416 0.053756 337.0329   2.4880  77.4444 113.6418   2.4880   9.0104   9.4376 -9.38238  0.95530  0.35681 -0.00086 -0.00556  0.00013
         10.7323751  9.52197 10.03416 0.053790 336.9906   2.4880  78.2879 113.6412   2.4880   9.0098   9.4448 -9.40209  0.82183  0.35992 -0.00078 -0.00556  0.00013
         10.7980835  9.52171 10.03419 0.053822 336.9555   2.4880  79.1251 113.6403   2.4880   9.0092   9.4520 -9.41991  0.68820  0.36296 -0.00070 -0.00557  0.00013
         10.9075975  9.52115 10.03407 0.053871 336.8842   2.4879  80.5332 113.6390   2.4879   9.0082   9.4640 -9.44538  0.46520  0.36786 -0.00057 -0.00558  0.00012
         10.9733060  9.52078 10.03398 0.053904 336.8371   2.4879  81.3818 113.6386   2.4879   9.0076   9.4712 -9.45814  0.33126  0.37070 -0.00049 -0.00558  0.00012
         11.0390144  9.52045 10.03398 0.053940 336.7955   2.4879  82.2249 113.6381   2.4879   9.0069   9.4784 -9.46900  0.19727  0.37347 -0.00041 -0.00558  0.00011
         11.1047228  9.52012 10.03399 0.053977 336.7542   2.4879  83.0674 113.6377   2.4879   9.0063   9.4856 -9.47797  0.06323  0.37616 -0.00033 -0.00559  0.00011
         11.2142368  9.51969 10.03419 0.054046 336.6988   2.4879  84.4575 113.6372   2.4879   9.0052   9.4977 -9.48873 -0.16016  0.38048 -0.00020 -0.00558  0.00011
         11.2799452  9.51955 10.03442 0.054086 336.6798   2.4879  85.2782 113.6365   2.4879   9.0047   9.5050 -9.49268 -0.29417  0.38297 -0.00013 -0.00558  0.00010
         11.3456537  9.51939 10.03460 0.054122 336.6597   2.4879  86.1005 113.6356   2.4879   9.0042   9.5122 -9.49475 -0.42811  0.38539 -0.00005 -0.00558  0.00010
         11.4113621  9.51918 10.03472 0.054158 336.6357   2.4879  86.9266 113.6348   2.4879   9.0036   9.5195 -9.49494 -0.56197  0.38773  0.00003 -0.00558  0.00010
         11.5208761  9.51878 10.03488 0.054220 336.5896   2.4878  88.3099 113.6333   2.4878   9.0027   9.5315 -9.49109 -0.78480  0.39145  0.00016 -0.00557  0.00009
         11.5865845  9.51847 10.03494 0.054260 336.5550   2.4878  89.1465 113.6324   2.4878   9.0020   9.5388 -9.48630 -0.91830  0.39359  0.00024 -0.00556  0.00009
         11.6522930  9.51815 10.03506 0.054307 336.5206   2.4878  89.9821 113.6317   2.4878   9.0013   9.5460 -9.47966 -1.05161  0.39565  0.00032 -0.00555  0.00008
         11.7180014  9.51792 10.03531 0.054360 336.4960   2.4878  90.8073 113.6309   2.4878   9.0005   9.5532 -9.47116 -1.18472  0.39763  0.00039 -0.00554  0.00008
         11.7837098  9.51782 10.03571 0.054413 336.4876   2.4878  91.6167 113.6297   2.4878   8.9999   9.5605 -9.46081 -1.31760  0.39953  0.00047 -0.00553  0.00008
         11.8932238  9.51785 10.03655 0.054498 336.4965   2.4878  92.9429 113.6276   2.4878   8.9992   9.5725 -9.43949 -1.53847  0.40253  0.00060 -0.00551  0.00007
         11.9589322  9.51799 10.03713 0.054544 336.5159   2.4877  93.7251 113.6261   2.4877   8.9988   9.5797 -9.42425 -1.67061  0.40422  0.00067 -0.00550  0.00007
         12.0246407  9.51817 10.03769 0.054582 336.5408   2.4877  94.5029 113.6244   2.4877   8.9987   9.5869 -9.40720 -1.80242  0.40584  0.00075 -0.00549  0.00007
         12.0903491  9.51828 10.03813 0.054616 336.5571   2.4877  95.2893 113.6231   2.4877   8.9984   9.5941 -9.38832 -1.93389  0.40737  0.00082 -0.00547  0.00006
         12.1998631  9.51831 10.03874 0.054677 336.5689   2.4877  96.6148 113.6215   2.4877   8.9979   9.6060 -9.35286 -2.15216  0.40976  0.00095 -0.00544  0.00006
         12.2655715  9.51831 10.03910 0.054715 336.5747   2.4877  97.4112 113.6205   2.4877   8.9975   9.6132 -9.32918 -2.28258  0.41109  0.00102 -0.00543  0.00005
         12.3312799  9.51828 10.03947 0.054757 336.5778   2.4877  98.2097 113.6197   2.4877   8.9971   9.6203 -9.30373 -2.41257  0.41234  0.00110 -0.00541  0.00005
         12.3969884  9.51828 10.03991 0.054803 336.5863   2.4877  99.0023 113.6189   2.4877   8.9967   9.6274 -9.27649 -2.54209  0.41351  0.00117 -0.00539  0.00005
         12.5065024  9.51852 10.04085 0.054875 336.6278   2.4877 100.2966 113.6166   2.4877   8.9962   9.6392 -9.22718 -2.75687  0.41528  0.00129 -0.00535  0.00004
         12.5722108  9.51872 10.04143 0.054914 336.6597   2.4877 101.0667 113.6150   2.4877   8.9960   9.6462 -9.19525 -2.88505  0.41624  0.00137 -0.00533  0.00004
         12.6379192  9.51894 10.04200 0.054949 336.6934   2.4876 101.8352 113.6134   2.4876   8.9959   9.6532 -9.16159 -3.01269  0.41713  0.00144 -0.00531  0.00004
         12.7036277  9.51917 10.04257 0.054983 336.7296   2.4876 102.6015 113.6117   2.4876   8.9958   9.6602 -9.12619 -3.13976  0.41793  0.00151 -0.00528  0.00003
         12.7693361  9.51939 10.04310 0.055015 336.7636   2.4876 103.3703 113.6099   2.4876   8.9957   9.6672 -9.08907 -3.26623  0.41865  0.00158 -0.00526  0.00003
         12.8788501  9.51968 10.04397 0.055074 336.8145   2.4876 104.6558 113.6077   2.4876   8.9954   9.6788 -9.02341 -3.47565  0.41968  0.00170 -0.00521  0.00002
         12.9445585  9.51993 10.04458 0.055111 336.8549   2.4876 105.4168 113.6064   2.4876   8.9953   9.6856 -8.98176 -3.60045  0.42019  0.00177 -0.00519  0.00002
         13.0102669  9.52027 10.04524 0.055143 336.9045   2.4876 106.1687 113.6049   2.4876   8.9953   9.6925 -8.93843 -3.72457  0.42063  0.00184 -0.00516  0.00002
         13.0759754  9.52067 10.04593 0.055171 336.9605   2.4876 106.9141 113.6036   2.4876   8.9954   9.6993 -8.89342 -3.84799  0.42098  0.00191 -0.00513  0.00001
         13.1854894  9.52149 10.04713 0.055206 337.0701   2.4876 108.1408 113.6013   2.4876   8.9959   9.7107 -8.81474 -4.05211  0.42140  0.00202 -0.00508  0.00001
         13.2511978  9.52202 10.04779 0.055216 337.1373   2.4876 108.8766 113.5997   2.4876   8.9963   9.7174 -8.76534 -4.17359  0.42155  0.00209 -0.00505  0.00000
         13.3169062  9.52248 10.04835 0.055224 337.1946   2.4876 109.6223 113.5985   2.4876   8.9966   9.7241 -8.71432 -4.29429  0.42162  0.00216 -0.00501  0.00000
         13.3826146  9.52284 10.04884 0.055235 337.2430   2.4876 110.3766 113.5975   2.4876   8.9968   9.7308 -8.66168 -4.41420  0.42161  0.00223 -0.00498  0.00000
         13.4921287  9.52337 10.04962 0.055259 337.3173   2.4876 111.6400 113.5956   2.4876   8.9971   9.7418 -8.57040 -4.61224  0.42142  0.00234 -0.00492 -0.00001
         13.5578371  9.52364 10.05010 0.055279 337.3587   2.4876 112.4004 113.5947   2.4876   8.9972   9.7483 -8.51353 -4.72995  0.42120  0.00240 -0.00489 -0.00001
         13.6235455  9.52395 10.05064 0.055302 337.4066   2.4876 113.1537 113.5938   2.4876   8.9973   9.7548 -8.45509 -4.84678  0.42090  0.00247 -0.00485 -0.00001
         13.6892539  9.52439 10.05127 0.055320 337.4694   2.4877 113.8923 113.5923   2.4877   8.9975   9.7613 -8.39510 -4.96273  0.42053  0.00253 -0.00481 -0.00002
         13.7549624  9.52491 10.05193 0.055330 337.5397   2.4877 114.6236 113.5907   2.4877   8.9979   9.7677 -8.33358 -5.07777  0.42008  0.00260 -0.00477 -0.00002
         13.8644764  9.52591 10.05302 0.055335 337.6673   2.4877 115.8326 113.5881   2.4877   8.9988   9.7784 -8.22767 -5.26745  0.41916  0.00270 -0.00471 -0.00003
         13.9301848  9.52658 10.05366 0.055328 337.7482   2.4877 116.5542 113.5865   2.4877   8.9995   9.7847 -8.16212 -5.38000  0.41851  0.00276 -0.00467 -0.00003
         13.9958932  9.52720 10.05422 0.055317 337.8220   2.4877 117.2832 113.5852   2.4877   9.0002   9.7909 -8.09509 -5.49157  0.41778  0.00282 -0.00463 -0.00003
         14.0616016  9.52776 10.05473 0.055308 337.8885   2.4877 118.0190 113.5844   2.4877   9.0008   9.7971 -8.02658 -5.60214  0.41698  0.00288 -0.00459 -0.00004
         14.1711157  9.52867 10.05557 0.055297 337.9983   2.4877 119.2456 113.5832   2.4877   9.0018   9.8074 -7.90918 -5.78418  0.41546  0.00298 -0.00452 -0.00004
         14.2368241  9.52923 10.05608 0.055288 338.0655   2.4877 119.9801 113.5826   2.4877   9.0024   9.8134 -7.83683 -5.89202  0.41446  0.00304 -0.00447 -0.00004
         14.3025325  9.52981 10.05659 0.055277 338.1351   2.4877 120.7119 113.5821   2.4877   9.0030   9.8195 -7.76307 -5.99881  0.41338  0.00310 -0.00443 -0.00005
         14.3682409  9.53044 10.05712 0.055263 338.2098   2.4877 121.4388 113.5813   2.4877   9.0038   9.8254 -7.68791 -6.10452  0.41222  0.00316 -0.00438 -0.00005
         14.4777550  9.53162 10.05797 0.055222 338.3401   2.4878 122.6459 113.5795   2.4878   9.0053   9.8353 -7.55959 -6.27827  0.41013  0.00326 -0.00431 -0.00005
         14.5434634  9.53227 10.05840 0.055195 338.4096   2.4878 123.3790 113.5787   2.4878   9.0061   9.8411 -7.48078 -6.38103  0.40878  0.00331 -0.00426 -0.00006
         14.6091718  9.53286 10.05880 0.055171 338.4733   2.4878 124.1178 113.5780   2.4878   9.0069   9.8468 -7.40063 -6.48266  0.40735  0.00337 -0.00421 -0.00006
         14.6748802  9.53343 10.05918 0.055148 338.5355   2.4878 124.8582 113.5771   2.4878   9.0077   9.8525 -7.31916 -6.58313  0.40586  0.00342 -0.00416 -0.00006
         14.7405886  9.53394 10.05953 0.055128 338.5926   2.4878 125.6031 113.5765   2.4878   9.0084   9.8582 -7.23638 -6.68244  0.40429  0.00348 -0.00411 -0.00007
         14.8501027  9.53483 10.06020 0.055101 338.6957   2.4878 126.8353 113.5758   2.4878   9.0094   9.8674 -7.09557 -6.84530  0.40151  0.00356 -0.00403 -0.00007
         14.9158111  9.53550 10.06067 0.055075 338.7721   2.4878 127.5601 113.5749   2.4878   9.0103   9.8729 -7.00939 -6.94141  0.39975  0.00362 -0.00398 -0.00007
         14.9815195  9.53625 10.06114 0.055041 338.8528   2.4878 128.2806 113.5741   2.4878   9.0114   9.8783 -6.92198 -7.03630  0.39792  0.00367 -0.00393 -0.00008
         15.0472279  9.53707 10.06160 0.054999 338.9363   2.4879 128.9986 113.5736   2.4879   9.0125   9.8837 -6.83334 -7.12995  0.39601  0.00372 -0.00388 -0.00008
         15.1567420  9.53853 10.06229 0.054910 339.0744   2.4879 130.1974 113.5725   2.4879   9.0148   9.8925 -6.68292 -7.28325  0.39269  0.00380 -0.00379 -0.00009
         15.2224504  9.53933 10.06260 0.054854 339.1439   2.4879 130.9305 113.5723   2.4879   9.0161   9.8977 -6.59109 -7.37352  0.39060  0.00385 -0.00373 -0.00009
         15.2881588  9.54002 10.06285 0.054804 339.2026   2.4879 131.6742 113.5725   2.4879   9.0172   9.9028 -6.49810 -7.46251  0.38844  0.00390 -0.00368 -0.00009
         15.3538672  9.54065 10.06309 0.054759 339.2567   2.4879 132.4221 113.5726   2.4879   9.0182   9.9078 -6.40397 -7.55018  0.38622  0.00395 -0.00363 -0.00009
         15.4633812  9.54164 10.06348 0.054690 339.3429   2.4879 133.6723 113.5728   2.4879   9.0198   9.9161 -6.24458 -7.69337  0.38236  0.00402 -0.00353 -0.00010
         15.5290897  9.54222 10.06372 0.054652 339.3961   2.4879 134.4205 113.5729   2.4879   9.0207   9.9210 -6.14749 -7.77750  0.37995  0.00407 -0.00348 -0.00010
         15.5947981  9.54287 10.06400 0.054609 339.4564   2.4879 135.1614 113.5726   2.4879   9.0217   9.9258 -6.04932 -7.86028  0.37748  0.00411 -0.00342 -0.00010
         15.6605065  9.54361 10.06428 0.054557 339.5210   2.4879 135.8985 113.5721   2.4879   9.0229   9.9305 -5.95009 -7.94168  0.37494  0.00416 -0.00336 -0.00011
         15.7262149  9.54435 10.06453 0.054501 339.5828   2.4879 136.6387 113.5718   2.4879   9.0242   9.9351 -5.84982 -8.02171  0.37234  0.00420 -0.00331 -0.00011
         15.8357290  9.54556 10.06489 0.054405 339.6784   2.4879 137.8797 113.5714   2.4879   9.0262   9.9427 -5.68045 -8.15200  0.36786  0.00427 -0.00321 -0.00011
         15.9014374  9.54627 10.06507 0.054346 339.7312   2.4879 138.6291 113.5712   2.4879   9.0275   9.9472 -5.57750 -8.22830  0.36509  0.00431 -0.00315 -0.00012
         15.9671458  9.54692 10.06523 0.054291 339.7783   2.4879 139.3836 113.5715   2.4879   9.0286   9.9516 -5.47358 -8.30317  0.36225  0.00435 -0.00309 -0.00012
         16.0328542  9.54755 10.06540 0.054239 339.8248   2.4879 140.1383 113.5719   2.4879   9.0297   9.9559 -5.36872 -8.37661  0.35935  0.00439 -0.00303 -0.00012
         16.1423682  9.54872 10.06571 0.054142 339.9134   2.4879 141.3848 113.5722   2.4879   9.0317   9.9629 -5.19188 -8.49579  0.35438  0.00445 -0.00293 -0.00013
         16.2080767  9.54948 10.06589 0.054077 339.9676   2.4879 142.1316 113.5725   2.4879   9.0331   9.9670 -5.08457 -8.56536  0.35131  0.00449 -0.00287 -0.00013
         16.2737851  9.55028 10.06605 0.054006 340.0211   2.4879 142.8794 113.5728   2.4879   9.0345   9.9711 -4.97638 -8.63345  0.34819  0.00453 -0.00281 -0.00013
         16.3394935  9.55113 10.06620 0.053928 340.0742   2.4879 143.6281 113.5729   2.4879   9.0361   9.9750 -4.86733 -8.70006  0.34500  0.00456 -0.00274 -0.00013
         16.4490075  9.55244 10.06633 0.053797 340.1408   2.4878 144.8990 113.5734   2.4878   9.0385   9.9814 -4.68372 -8.80776  0.33956  0.00462 -0.00264 -0.00014
         16.5147159  9.55308 10.06637 0.053730 340.1679   2.4878 145.6743 113.5741   2.4878   9.0398   9.9852 -4.57246 -8.87037  0.33622  0.00465 -0.00258 -0.00014
         16.5804244  9.55366 10.06640 0.053669 340.1930   2.4878 146.4513 113.5744   2.4878   9.0409   9.9889 -4.46043 -8.93146  0.33282  0.00468 -0.00251 -0.00014
         16.6461328  9.55420 10.06643 0.053613 340.2152   2.4878 147.2311 113.5749   2.4878   9.0420   9.9924 -4.34762 -8.99103  0.32936  0.00472 -0.00245 -0.00015
         16.7118412  9.55470 10.06647 0.053562 340.2386   2.4878 148.0091 113.5754   2.4878   9.0429   9.9959 -4.23407 -9.04906  0.32585  0.00475 -0.00239 -0.00015
         16.8213552  9.55567 10.06660 0.053469 340.2925   2.4878 149.2901 113.5756   2.4878   9.0447  10.0016 -4.04321 -9.14234  0.31987  0.00480 -0.00228 -0.00015
         16.8870637  9.55638 10.06668 0.053399 340.3301   2.4878 150.0536 113.5757   2.4878   9.0461  10.0049 -3.92776 -9.19623  0.31621  0.00482 -0.00221 -0.00015
         16.9527721  9.55714 10.06675 0.053323 340.3660   2.4877 150.8190 113.5759   2.4877   9.0475  10.0081 -3.81164 -9.24856  0.31249  0.00485 -0.00215 -0.00016
         17.0184805  9.55791 10.06680 0.053243 340.3979   2.4877 151.5886 113.5762   2.4877   9.0490  10.0112 -3.69487 -9.29932  0.30873  0.00488 -0.00208 -0.00016
         17.1279945  9.55920 10.06682 0.053103 340.4382   2.4877 152.8851 113.5770   2.4877   9.0516  10.0163 -3.49885 -9.38041  0.30233  0.00492 -0.00197 -0.00016
         17.1937029  9.55987 10.06680 0.053027 340.4506   2.4877 153.6747 113.5778   2.4877   9.0529  10.0192 -3.38043 -9.42694  0.29842  0.00495 -0.00191 -0.00016
         17.2594114  9.56046 10.06678 0.052960 340.4597   2.4876 154.4674 113.5787   2.4876   9.0541  10.0220 -3.26143 -9.47187  0.29446  0.00497 -0.00184 -0.00017
         17.3251198  9.56106 10.06676 0.052892 340.4705   2.4876 155.2583 113.5794   2.4876   9.0554  10.0247 -3.14188 -9.51520  0.29046  0.00499 -0.00177 -0.00017
         17.4346338  9.56205 10.06673 0.052780 340.4858   2.4875 156.5790 113.5805   2.4875   9.0574  10.0291 -2.94144 -9.58383  0.28367  0.00503 -0.00166 -0.00017
         17.5003422  9.56267 10.06672 0.052710 340.4954   2.4875 157.3710 113.5809   2.4875   9.0586  10.0316 -2.82050 -9.62285  0.27953  0.00505 -0.00159 -0.00017
         17.5660507  9.56335 10.06670 0.052633 340.5050   2.4875 158.1634 113.5811   2.4875   9.0600  10.0340 -2.69908 -9.66024  0.27535  0.00507 -0.00152 -0.00018
         17.6317591  9.56401 10.06666 0.052556 340.5069   2.4875 158.9640 113.5815   2.4875   9.0614  10.0363 -2.57720 -9.69600  0.27112  0.00509 -0.00146 -0.00018
         17.6974675  9.56460 10.06660 0.052486 340.5018   2.4874 159.7717 113.5821   2.4874   9.0626  10.0386 -2.45488 -9.73012  0.26684  0.00511 -0.00139 -0.00018
         17.8069815  9.56545 10.06651 0.052382 340.4878   2.4874 161.1230 113.5828   2.4874   9.0644  10.0421 -2.25009 -9.78334  0.25961  0.00513 -0.00127 -0.00018
         17.8726899  9.56590 10.06645 0.052327 340.4771   2.4874 161.9359 113.5834   2.4874   9.0653  10.0441 -2.12670 -9.81307  0.25522  0.00515 -0.00120 -0.00018
         17.9383984  9.56633 10.06641 0.052275 340.4682   2.4873 162.7463 113.5840   2.4873   9.0662  10.0460 -2.00294 -9.84116  0.25078  0.00516 -0.00114 -0.00019
         18.0041068  9.56679 10.06638 0.052221 340.4651   2.4873 163.5506 113.5844   2.4873   9.0672  10.0479 -1.87885 -9.86758  0.24630  0.00518 -0.00107 -0.00019
         18.1136208  9.56781 10.06634 0.052105 340.4629   2.4873 164.8884 113.5850   2.4873   9.0693  10.0507 -1.67133 -9.90793  0.23874  0.00520 -0.00095 -0.00019
         18.1793292  9.56848 10.06630 0.052027 340.4562   2.4872 165.6968 113.5855   2.4872   9.0707  10.0523 -1.54643 -9.92992  0.23415  0.00521 -0.00088 -0.00019
         18.2450376  9.56917 10.06626 0.051947 340.4442   2.4872 166.5109 113.5860   2.4872   9.0721  10.0538 -1.42126 -9.95024  0.22952  0.00522 -0.00081 -0.00019
         18.3107461  9.56986 10.06620 0.051865 340.4236   2.4872 167.3344 113.5865   2.4872   9.0735  10.0553 -1.29585 -9.96888  0.22485  0.00523 -0.00074 -0.00020
         18.4202601  9.57077 10.06608 0.051752 340.3697   2.4871 168.7271 113.5877   2.4871   9.0755  10.0574 -1.08635 -9.99624  0.21698  0.00524 -0.00063 -0.00020
         18.4859685  9.57117 10.06601 0.051702 340.3348   2.4870 169.5651 113.5883   2.4870   9.0763  10.0586 -0.96040 ********  0.21222  0.00525 -0.00056 -0.00020
         18.5516769  9.57155 10.06596 0.051654 340.3006   2.4870 170.4022 113.5888   2.4870   9.0771  10.0597 -0.83428 ********  0.20741  0.00526 -0.00049 -0.00020
         18.6173854  9.57189 10.06591 0.051611 340.2674   2.4870 171.2381 113.5892   2.4870   9.0779  10.0607 -0.70802 ********  0.20258  0.00526 -0.00042 -0.00020
         18.6830938  9.57224 10.06587 0.051569 340.2369   2.4869 172.0710 113.5896   2.4869   9.0786  10.0616 -0.58163 ********  0.19770  0.00527 -0.00034 -0.00020
         18.7926078  9.57297 10.06581 0.051482 340.1899   2.4869 173.4553 113.5898   2.4869   9.0801  10.0629 -0.37078 ********  0.18951  0.00527 -0.00023 -0.00021
         18.8583162  9.57346 10.06577 0.051425 340.1554   2.4869 174.2927 113.5900   2.4869   9.0812  10.0636 -0.24417 ********  0.18455  0.00528 -0.00016 -0.00021
         18.9240246  9.57392 10.06574 0.051370 340.1156   2.4869 175.1355 113.5903   2.4869   9.0821  10.0641 -0.11753 ********  0.17956  0.00528 -0.00009 -0.00021
         18.9897331  9.57437 10.06571 0.051319 340.0739   2.4868 175.9804 113.5906   2.4868   9.0830  10.0646  0.00915 ********  0.17454  0.00528 -0.00002 -0.00021
         19.0992471  9.57502 10.06567 0.051243 339.9950   2.4867 177.3982 113.5914   2.4867   9.0844  10.0652  0.22026 ********  0.16611  0.00528  0.00010 -0.00021
         19.1649555  9.57534 10.06566 0.051206 339.9470   2.4867 178.2495 113.5919   2.4867   9.0850  10.0654  0.34689 ********  0.16101  0.00528  0.00017 -0.00021
         19.2306639  9.57567 10.06565 0.051169 339.9022   2.4867 179.0971 113.5922   2.4867   9.0857  10.0656  0.47346 ********  0.15589  0.00527  0.00024 -0.00021
         19.2963723  9.57606 10.06564 0.051126 339.8551   2.4866 179.9474 113.5925   2.4866   9.0865  10.0656  0.59996 ********  0.15074  0.00527  0.00031 -0.00022
         19.4058864  9.57676 10.06565 0.051050 339.7681   2.4866 181.3736 113.5929   2.4866   9.0879  10.0655  0.81056 ********  0.14210  0.00526  0.00043 -0.00022
         19.4715948  9.57719 10.06567 0.051004 339.7105   2.4866 182.2352 113.5931   2.4866   9.0887  10.0653  0.93675 ********  0.13689  0.00525  0.00050 -0.00022
         19.5373032  9.57761 10.06569 0.050961 339.6443   2.4865 183.1060 113.5933   2.4865   9.0895  10.0650  1.06278 ********  0.13165  0.00525  0.00057 -0.00022
         19.6030116  9.57793 10.06573 0.050930 339.5730   2.4865 183.9826 113.5936   2.4865   9.0901  10.0647  1.18864 -9.99343  0.12639  0.00524  0.00064 -0.00022
         19.6687201  9.57812 10.06578 0.050914 339.5018   2.4864 184.8590 113.5938   2.4864   9.0905  10.0642  1.31430 -9.97727  0.12111  0.00523  0.00071 -0.00022
         19.7782341  9.57831 10.06587 0.050902 339.3904   2.4864 186.3119 113.5941   2.4864   9.0908  10.0632  1.52324 -9.94661  0.11226  0.00521  0.00082 -0.00022
         19.8439425  9.57838 10.06593 0.050901 339.3278   2.4864 187.1789 113.5942   2.4864   9.0908  10.0625  1.64826 -9.92598  0.10693  0.00520  0.00089 -0.00022
         19.9096509  9.57846 10.06600 0.050900 339.2697   2.4864 188.0411 113.5943   2.4864   9.0909  10.0617  1.77302 -9.90369  0.10158  0.00519  0.00096 -0.00022
         19.9753593  9.57864 10.06607 0.050887 339.2125   2.4864 188.9022 113.5942   2.4864   9.0912  10.0607  1.89747 -9.87973  0.09621  0.00518  0.00103 -0.00022
         20.0848734  9.57912 10.06622 0.050850 339.1021   2.4864 190.3533 113.5943   2.4864   9.0920  10.0590  2.10418 -9.83611  0.08722  0.00516  0.00115 -0.00023
         20.1505818  9.57941 10.06634 0.050830 339.0273   2.4863 191.2333 113.5944   2.4863   9.0925  10.0579  2.22774 -9.80772  0.08181  0.00514  0.00122 -0.00023
         20.2162902  9.57971 10.06647 0.050811 338.9474   2.4863 192.1189 113.5945   2.4863   9.0930  10.0566  2.35093 -9.77769  0.07639  0.00512  0.00129 -0.00023
         20.2819986  9.57995 10.06663 0.050802 338.8617   2.4863 193.0109 113.5947   2.4863   9.0933  10.0553  2.47372 -9.74601  0.07095  0.00511  0.00135 -0.00023
         20.3915127  9.58011 10.06691 0.050813 338.7209   2.4862 194.4961 113.5949   2.4862   9.0933  10.0529  2.67744 -9.68955  0.06187  0.00508  0.00147 -0.00023
         20.4572211  9.58017 10.06709 0.050826 338.6413   2.4862 195.3820 113.5949   2.4862   9.0932  10.0513  2.79908 -9.65350  0.05640  0.00506  0.00154 -0.00023
         20.5229295  9.58022 10.06728 0.050840 338.5612   2.4862 196.2685 113.5949   2.4862   9.0932  10.0496  2.92024 -9.61581  0.05092  0.00504  0.00160 -0.00023
         20.5886379  9.58028 10.06749 0.050855 338.4806   2.4862 197.1556 113.5949   2.4862   9.0931  10.0478  3.04091 -9.57650  0.04544  0.00502  0.00167 -0.00023
         20.6543463  9.58035 10.06770 0.050870 338.3996   2.4862 198.0432 113.5949   2.4862   9.0930  10.0460  3.16107 -9.53558  0.03995  0.00500  0.00174 -0.00023
         20.7638604  9.58056 10.06812 0.050890 338.2521   2.4862 199.5359 113.5949   2.4862   9.0930  10.0426  3.36013 -9.46378  0.03078  0.00496  0.00185 -0.00023
         20.8295688  9.58062 10.06840 0.050913 338.1598   2.4862 200.4361 113.5949   2.4862   9.0928  10.0405  3.47882 -9.41856  0.02527  0.00493  0.00192 -0.00023
         20.8952772  9.58060 10.06869 0.050946 338.0711   2.4862 201.3328 113.5949   2.4862   9.0925  10.0383  3.59692 -9.37175  0.01976  0.00491  0.00198 -0.00023
         20.9609856  9.58056 10.06899 0.050981 337.9840   2.4862 202.2277 113.5949   2.4862   9.0921  10.0360  3.71440 -9.32334  0.01424  0.00488  0.00205 -0.00023
         21.0704997  9.58043 10.06951 0.051049 337.8449   2.4862 203.7132 113.5949   2.4862   9.0914  10.0320  3.90880 -9.23915  0.00504  0.00484  0.00216 -0.00023
         21.1362081  9.58037 10.06981 0.051088 337.7657   2.4862 204.5997 113.5949   2.4862   9.0909  10.0294  4.02456 -9.18654 -0.00048  0.00481  0.00222 -0.00023
         21.2019165  9.58044 10.07015 0.051116 337.6814   2.4862 205.4913 113.5949   2.4862   9.0907  10.0268  4.13963 -9.13237 -0.00600  0.00478  0.00229 -0.00023
         21.2676249  9.58058 10.07051 0.051138 337.5891   2.4862 206.3915 113.5949   2.4862   9.0906  10.0241  4.25400 -9.07665 -0.01152  0.00475  0.00235 -0.00023
         21.3771389  9.58087 10.07121 0.051180 337.4217   2.4862 207.9066 113.5949   2.4862   9.0905  10.0193  4.44300 -8.98034 -0.02071  0.00470  0.00246 -0.00023
         21.4428474  9.58105 10.07169 0.051209 337.3144   2.4862 208.8234 113.5949   2.4862   9.0904  10.0164  4.55539 -8.92050 -0.02622  0.00467  0.00252 -0.00023
         21.5085558  9.58116 10.07219 0.051250 337.2063   2.4862 209.7416 113.5949   2.4862   9.0901  10.0133  4.66701 -8.85914 -0.03173  0.00463  0.00259 -0.00023
         21.5742642  9.58115 10.07270 0.051304 337.1041   2.4862 210.6542 113.5948   2.4862   9.0896  10.0102  4.77782 -8.79626 -0.03723  0.00460  0.00265 -0.00023
         21.6399726  9.58106 10.07320 0.051365 337.0117   2.4862 211.5564 113.5949   2.4862   9.0889  10.0069  4.88782 -8.73188 -0.04273  0.00457  0.00271 -0.00023
         21.7494867  9.58090 10.07401 0.051468 336.8667   2.4862 213.0504 113.5949   2.4862   9.0878  10.0013  5.06927 -8.62125 -0.05187  0.00451  0.00282 -0.00023
         21.8151951  9.58082 10.07450 0.051528 336.7842   2.4862 213.9418 113.5950   2.4862   9.0871   9.9978  5.17698 -8.55290 -0.05735  0.00447  0.00288 -0.00023
         21.8809035  9.58080 10.07499 0.051580 336.7025   2.4863 214.8318 113.5951   2.4863   9.0866   9.9943  5.28381 -8.48308 -0.06281  0.00443  0.00294 -0.00023
         21.9466119  9.58090 10.07551 0.051625 336.6131   2.4863 215.7298 113.5951   2.4863   9.0863   9.9906  5.38973 -8.41179 -0.06826  0.00439  0.00300 -0.00023
         22.0561259  9.58110 10.07646 0.051702 336.4564   2.4863 217.2351 113.5951   2.4863   9.0857   9.9843  5.56418 -8.28978 -0.07733  0.00433  0.00310 -0.00023
         22.1218344  9.58120 10.07705 0.051753 336.3650   2.4863 218.1357 113.5951   2.4863   9.0853   9.9804  5.66758 -8.21465 -0.08275  0.00429  0.00316 -0.00023
         22.1875428  9.58129 10.07766 0.051805 336.2735   2.4862 219.0365 113.5950   2.4862   9.0849   9.9765  5.77000 -8.13811 -0.08815  0.00425  0.00322 -0.00022
         22.2532512  9.58134 10.07826 0.051863 336.1869   2.4862 219.9325 113.5949   2.4862   9.0844   9.9724  5.87142 -8.06016 -0.09354  0.00420  0.00328 -0.00022
         22.3627652  9.58135 10.07923 0.051964 336.0572   2.4862 221.4099 113.5948   2.4862   9.0835   9.9654  6.03819 -7.92715 -0.10249  0.00413  0.00337 -0.00022
         22.4284736  9.58142 10.07982 0.052016 335.9787   2.4862 222.2966 113.5949   2.4862   9.0830   9.9612  6.13686 -7.84551 -0.10783  0.00409  0.00343 -0.00022
         22.4941821  9.58154 10.08042 0.052067 335.8978   2.4862 223.1856 113.5949   2.4862   9.0827   9.9568  6.23446 -7.76250 -0.11316  0.00404  0.00349 -0.00022
         22.5598905  9.58166 10.08105 0.052120 335.8166   2.4862 224.0751 113.5949   2.4862   9.0823   9.9524  6.33098 -7.67814 -0.11847  0.00400  0.00354 -0.00022
         22.6255989  9.58179 10.08170 0.052172 335.7351   2.4862 224.9648 113.5950   2.4862   9.0819   9.9478  6.42640 -7.59245 -0.12375  0.00395  0.00360 -0.00022
         22.7351129  9.58192 10.08281 0.052275 335.6048   2.4862 226.4431 113.5950   2.4862   9.0810   9.9401  6.58293 -7.44669 -0.13251  0.00387  0.00369 -0.00022
         22.8008214  9.58183 10.08344 0.052350 335.5420   2.4862 227.3145 113.5950   2.4862   9.0802   9.9354  6.67532 -7.35749 -0.13774  0.00383  0.00374 -0.00022
         22.8665298  9.58167 10.08401 0.052427 335.4917   2.4863 228.1726 113.5951   2.4863   9.0793   9.9305  6.76653 -7.26701 -0.14294  0.00378  0.00380 -0.00022
         22.9322382  9.58147 10.08453 0.052504 335.4488   2.4863 229.0227 113.5952   2.4863   9.0784   9.9257  6.85656 -7.17525 -0.14812  0.00373  0.00385 -0.00022
         23.0417522  9.58113 10.08532 0.052624 335.3909   2.4863 230.4245 113.5955   2.4863   9.0769   9.9173  7.00393 -7.01954 -0.15669  0.00364  0.00394 -0.00021
         23.1074606  9.58101 10.08577 0.052684 335.3553   2.4863 231.2652 113.5958   2.4863   9.0762   9.9122  7.09071 -6.92446 -0.16180  0.00359  0.00399 -0.00021
         23.1731691  9.58099 10.08627 0.052738 335.3112   2.4863 232.1149 113.5959   2.4863   9.0757   9.9071  7.17625 -6.82817 -0.16687  0.00354  0.00404 -0.00021
         23.2388775  9.58101 10.08682 0.052792 335.2629   2.4863 232.9692 113.5959   2.4863   9.0752   9.9019  7.26052 -6.73067 -0.17192  0.00348  0.00409 -0.00021
         23.3483915  9.58097 10.08774 0.052894 335.1884   2.4863 234.3876 113.5960   2.4863   9.0742   9.8930  7.39811 -6.56555 -0.18027  0.00339  0.00417 -0.00021
         23.4140999  9.58088 10.08830 0.052962 335.1493   2.4863 235.2333 113.5960   2.4863   9.0735   9.8876  7.47892 -6.46492 -0.18523  0.00334  0.00422 -0.00021
         23.4798084  9.58067 10.08882 0.053039 335.1215   2.4864 236.0678 113.5961   2.4864   9.0725   9.8821  7.55841 -6.36314 -0.19016  0.00328  0.00426 -0.00020
         23.5455168  9.58035 10.08925 0.053120 335.1087   2.4864 236.8867 113.5963   2.4864   9.0714   9.8765  7.63655 -6.26024 -0.19506  0.00323  0.00431 -0.00020
         23.6112252  9.58001 10.08963 0.053197 335.1020   2.4864 237.6984 113.5968   2.4864   9.0704   9.8709  7.71333 -6.15622 -0.19992  0.00317  0.00436 -0.00020
         23.7207392  9.57943 10.09021 0.053320 335.0973   2.4865 239.0443 113.5976   2.4865   9.0687   9.8614  7.83823 -5.98043 -0.20795  0.00307  0.00443 -0.00020
         23.7864476  9.57908 10.09052 0.053392 335.0988   2.4865 239.8470 113.5982   2.4865   9.0676   9.8556  7.91130 -5.87354 -0.21272  0.00302  0.00448 -0.00020
         23.8521561  9.57876 10.09084 0.053460 335.0980   2.4866 240.6519 113.5988   2.4866   9.0667   9.8497  7.98296 -5.76559 -0.21744  0.00296  0.00452 -0.00020
         23.9178645  9.57844 10.09118 0.053531 335.0987   2.4866 241.4558 113.5992   2.4866   9.0657   9.8438  8.05319 -5.65662 -0.22213  0.00290  0.00456 -0.00019
         24.0273785  9.57771 10.09163 0.053658 335.1199   2.4866 242.7757 113.5999   2.4866   9.0638   9.8338  8.16701 -5.47275 -0.22986  0.00279  0.00463 -0.00019
         24.0930869  9.57720 10.09182 0.053734 335.1434   2.4867 243.5562 113.6004   2.4867   9.0626   9.8277  8.23335 -5.36111 -0.23444  0.00273  0.00467 -0.00019
         24.1587953  9.57666 10.09197 0.053808 335.1729   2.4867 244.3305 113.6008   2.4867   9.0614   9.8216  8.29819 -5.24851 -0.23898  0.00267  0.00471 -0.00019
         24.2245038  9.57610 10.09206 0.053880 335.2074   2.4867 245.0993 113.6013   2.4867   9.0601   9.8154  8.36154 -5.13497 -0.24347  0.00261  0.00475 -0.00019
         24.3340178  9.57523 10.09214 0.053984 335.2643   2.4868 246.3797 113.6025   2.4868   9.0583   9.8050  8.46374 -4.94368 -0.25087  0.00250  0.00481 -0.00018
         24.3997262  9.57482 10.09225 0.054041 335.2882   2.4868 247.1584 113.6031   2.4868   9.0574   9.7987  8.52302 -4.82771 -0.25524  0.00244  0.00485 -0.00018
         24.4654346  9.57444 10.09240 0.054099 335.3094   2.4869 247.9403 113.6036   2.4869   9.0565   9.7923  8.58075 -4.71087 -0.25957  0.00237  0.00489 -0.00018
         24.5311431  9.57401 10.09254 0.054160 335.3344   2.4869 248.7185 113.6042   2.4869   9.0555   9.7859  8.63691 -4.59317 -0.26385  0.00231  0.00492 -0.00018
         24.5968515  9.57357 10.09269 0.054225 335.3615   2.4869 249.4951 113.6048   2.4869   9.0544   9.7794  8.69149 -4.47463 -0.26809  0.00224  0.00496 -0.00018
         24.7063655  9.57258 10.09281 0.054345 335.4320   2.4870 250.7645 113.6058   2.4870   9.0524   9.7685  8.77892 -4.27527 -0.27504  0.00213  0.00501 -0.00017
         24.7720739  9.57182 10.09270 0.054418 335.4953   2.4870 251.5042 113.6068   2.4870   9.0509   9.7619  8.82923 -4.15461 -0.27914  0.00206  0.00504 -0.00017
         24.8377823  9.57103 10.09251 0.054486 335.5638   2.4871 252.2380 113.6079   2.4871   9.0495   9.7552  8.87791 -4.03319 -0.28319  0.00199  0.00507 -0.00017
         24.9034908  9.57023 10.09227 0.054548 335.6355   2.4871 252.9682 113.6089   2.4871   9.0482   9.7485  8.92496 -3.91103 -0.28718  0.00193  0.00510 -0.00017
         25.0130048  9.56896 10.09178 0.054638 335.7541   2.4872 254.1849 113.6108   2.4872   9.0461   9.7373  8.99970 -3.70585 -0.29373  0.00181  0.00515 -0.00016
         25.0787132  9.56831 10.09153 0.054683 335.8147   2.4873 254.9255 113.6116   2.4873   9.0451   9.7305  9.04233 -3.58183 -0.29758  0.00174  0.00518 -0.00016
         25.1444216  9.56771 10.09134 0.054729 335.8706   2.4873 255.6714 113.6122   2.4873   9.0441   9.7236  9.08328 -3.45715 -0.30138  0.00167  0.00521 -0.00016
         25.2101300  9.56708 10.09114 0.054777 335.9292   2.4873 256.4152 113.6126   2.4873   9.0430   9.7167  9.12254 -3.33184 -0.30512  0.00160  0.00523 -0.00015
         25.3196441  9.56595 10.09072 0.054857 336.0369   2.4874 257.6445 113.6137   2.4874   9.0412   9.7052  9.18418 -3.12161 -0.31124  0.00148  0.00528 -0.00015
         25.3853525  9.56522 10.09041 0.054906 336.1081   2.4874 258.3756 113.6143   2.4874   9.0400   9.6982  9.21888 -2.99470 -0.31482  0.00141  0.00530 -0.00015
         25.4510609  9.56443 10.09002 0.054952 336.1868   2.4874 259.0988 113.6151   2.4874   9.0388   9.6912  9.25186 -2.86724 -0.31836  0.00134  0.00532 -0.00015
         25.5167693  9.56362 10.08955 0.054992 336.2678   2.4875 259.8187 113.6162   2.4875   9.0377   9.6842  9.28309 -2.73924 -0.32183  0.00127  0.00534 -0.00014
         25.5824778  9.56289 10.08911 0.055028 336.3425   2.4875 260.5450 113.6173   2.4875   9.0367   9.6771  9.31258 -2.61073 -0.32524  0.00119  0.00536 -0.00014
         25.6919918  9.56173 10.08844 0.055085 336.4599   2.4875 261.7630 113.6188   2.4875   9.0350   9.6652  9.35782 -2.39548 -0.33078  0.00107  0.00540 -0.00014
         25.7577002  9.56104 10.08803 0.055118 336.5313   2.4876 262.4930 113.6198   2.4876   9.0340   9.6581  9.38261 -2.26573 -0.33403  0.00100  0.00542 -0.00013
         25.8234086  9.56033 10.08762 0.055154 336.6033   2.4876 263.2229 113.6206   2.4876   9.0330   9.6509  9.40562 -2.13555 -0.33721  0.00092  0.00543 -0.00013
         25.8891170  9.55956 10.08716 0.055191 336.6837   2.4876 263.9449 113.6212   2.4876   9.0320   9.6437  9.42684 -2.00497 -0.34033  0.00085  0.00545 -0.00013
         25.9986311  9.55803 10.08608 0.055247 336.8443   2.4877 265.1204 113.6228   2.4877   9.0300   9.6316  9.45821 -1.78651 -0.34538  0.00072  0.00547 -0.00012
         26.0643395  9.55708 10.08532 0.055272 336.9451   2.4877 265.8206 113.6237   2.4877   9.0288   9.6244  9.47462 -1.65499 -0.34832  0.00065  0.00549 -0.00012
         26.1300479  9.55615 10.08452 0.055291 337.0446   2.4877 266.5218 113.6244   2.4877   9.0278   9.6171  9.48923 -1.52315 -0.35120  0.00057  0.00550 -0.00012
         26.1957563  9.55525 10.08369 0.055304 337.1408   2.4877 267.2257 113.6253   2.4877   9.0268   9.6098  9.50201 -1.39103 -0.35401  0.00049  0.00551 -0.00012
         26.3052704  9.55402 10.08248 0.055313 337.2730   2.4878 268.4270 113.6263   2.4878   9.0256   9.5976  9.51925 -1.17026 -0.35854  0.00037  0.00553 -0.00011
         26.3709788  9.55340 10.08189 0.055320 337.3400   2.4878 269.1611 113.6265   2.4878   9.0249   9.5903  9.52715 -1.03749 -0.36117  0.00029  0.00554 -0.00011
         26.4366872  9.55276 10.08133 0.055331 337.4089   2.4878 269.8938 113.6269   2.4878   9.0242   9.5829  9.53320 -0.90453 -0.36372  0.00021  0.00554 -0.00011
         26.5023956  9.55211 10.08074 0.055342 337.4795   2.4878 270.6249 113.6273   2.4878   9.0235   9.5756  9.53741 -0.77140 -0.36621  0.00014  0.00555 -0.00010
         26.5681040  9.55141 10.08013 0.055355 337.5552   2.4878 271.3514 113.6276   2.4878   9.0227   9.5682  9.53977 -0.63812 -0.36862  0.00006  0.00556 -0.00010
         26.6776181  9.55003 10.07886 0.055374 337.7033   2.4878 272.5396 113.6287   2.4878   9.0212   9.5559  9.53956 -0.41574 -0.37249 -0.00007  0.00556 -0.00009
         26.7433265  9.54915 10.07795 0.055377 337.7976   2.4878 273.2460 113.6298   2.4878   9.0204   9.5485  9.53695 -0.28221 -0.37471 -0.00015  0.00557 -0.00009
         26.8090349  9.54831 10.07704 0.055375 337.8881   2.4879 273.9562 113.6306   2.4879   9.0196   9.5411  9.53247 -0.14862 -0.37686 -0.00023  0.00557 -0.00009
         26.8747433  9.54750 10.07615 0.055370 337.9742   2.4879 274.6710 113.6312   2.4879   9.0189   9.5337  9.52612 -0.01501 -0.37893 -0.00030  0.00557 -0.00008
         26.9842574  9.54623 10.07467 0.055357 338.1104   2.4879 275.8693 113.6321   2.4879   9.0178   9.5213  9.51138  0.20765 -0.38222 -0.00043  0.00557 -0.00008
         27.0499658  9.54552 10.07386 0.055349 338.1856   2.4879 276.5956 113.6321   2.4879   9.0172   9.5139  9.50003  0.34119 -0.38410 -0.00051  0.00556 -0.00008
         27.1156742  9.54480 10.07303 0.055342 338.2631   2.4879 277.3202 113.6320   2.4879   9.0166   9.5065  9.48680  0.47467 -0.38589 -0.00059  0.00556 -0.00007
         27.1813826  9.54400 10.07210 0.055333 338.3484   2.4879 278.0366 113.6322   2.4879   9.0159   9.4991  9.47169  0.60804 -0.38762 -0.00067  0.00555 -0.00007
         27.2908966  9.54267 10.07045 0.055308 338.4901   2.4879 279.2307 113.6323   2.4879   9.0149   9.4868  9.44232  0.83003 -0.39031 -0.00080  0.00554 -0.00006
         27.3566051  9.54187 10.06943 0.055289 338.5735   2.4879 279.9486 113.6324   2.4879   9.0143   9.4794  9.42219  0.96301 -0.39183 -0.00088  0.00554 -0.00006
         27.4223135  9.54108 10.06837 0.055264 338.6544   2.4879 280.6682 113.6328   2.4879   9.0138   9.4720  9.40018  1.09578 -0.39326 -0.00096  0.00553 -0.00006
         27.4880219  9.54041 10.06741 0.055238 338.7222   2.4879 281.4009 113.6329   2.4879   9.0134   9.4646  9.37628  1.22834 -0.39462 -0.00104  0.00552 -0.00005
         27.5537303  9.53984 10.06657 0.055214 338.7801   2.4879 282.1442 113.6328   2.4879   9.0131   9.4573  9.35050  1.36064 -0.39590 -0.00111  0.00551 -0.00005
         27.6632444  9.53892 10.06530 0.055182 338.8738   2.4879 283.3869 113.6327   2.4879   9.0125   9.4450  9.30334  1.58051 -0.39785 -0.00124  0.00549 -0.00005
         27.7289528  9.53836 10.06454 0.055165 338.9322   2.4879 284.1308 113.6326   2.4879   9.0122   9.4377  9.27255  1.71201 -0.39892 -0.00132  0.00547 -0.00004
         27.7946612  9.53773 10.06372 0.055148 338.9975   2.4879 284.8682 113.6324   2.4879   9.0117   9.4304  9.23987  1.84316 -0.39990 -0.00140  0.00546 -0.00004
         27.8603696  9.53699 10.06276 0.055129 339.0740   2.4879 285.5944 113.6325   2.4879   9.0112   9.4231  9.20531  1.97393 -0.40080 -0.00148  0.00544 -0.00004
         27.9698836  9.53559 10.06080 0.055078 339.2148   2.4879 286.7897 113.6330   2.4879   9.0104   9.4110  9.14356  2.19096 -0.40212 -0.00161  0.00541 -0.00003
         28.0355921  9.53478 10.05958 0.055040 339.2937   2.4879 287.5121 113.6330   2.4879   9.0100   9.4038  9.10402  2.32059 -0.40281 -0.00169  0.00539 -0.00003
         28.1013005  9.53403 10.05840 0.055000 339.3655   2.4879 288.2415 113.6328   2.4879   9.0097   9.3965  9.06262  2.44973 -0.40341 -0.00176  0.00537 -0.00002
         28.1670089  9.53334 10.05725 0.054956 339.4288   2.4879 288.9791 113.6326   2.4879   9.0094   9.3894  9.01936  2.57836 -0.40393 -0.00184  0.00535 -0.00002
         28.2765229  9.53244 10.05569 0.054892 339.5085   2.4879 290.2358 113.6312   2.4879   9.0092   9.3774  8.94314  2.79156 -0.40461 -0.00197  0.00531 -0.00001
         28.3422313  9.53195 10.05486 0.054859 339.5532   2.4879 290.9937 113.6302   2.4879   9.0090   9.3703  8.89495  2.91871 -0.40490 -0.00205  0.00529 -0.00001
         28.4079398  9.53140 10.05396 0.054825 339.6023   2.4879 291.7469 113.6297   2.4879   9.0088   9.3632  8.84491  3.04525 -0.40512 -0.00212  0.00526 -0.00001
         28.4736482  9.53086 10.05306 0.054790 339.6518   2.4879 292.5000 113.6291   2.4879   9.0087   9.3562  8.79305  3.17116 -0.40524 -0.00220  0.00523  0.00000
         28.5393566  9.53028 10.05210 0.054754 339.7038   2.4879 293.2506 113.6286   2.4879   9.0085   9.3492  8.73936  3.29641 -0.40529 -0.00228  0.00520  0.00000
         28.6488706  9.52923 10.05033 0.054684 339.7942   2.4879 294.4966 113.6284   2.4879   9.0081   9.3375  8.64583  3.50360 -0.40517 -0.00240  0.00515  0.00001
         28.7145791  9.52868 10.04933 0.054640 339.8386   2.4879 295.2539 113.6281   2.4879   9.0080   9.3306  8.58730  3.62695 -0.40499 -0.00248  0.00512  0.00001
         28.7802875  9.52820 10.04843 0.054599 339.8757   2.4879 296.0189 113.6275   2.4879   9.0080   9.3237  8.52698  3.74953 -0.40472 -0.00255  0.00509  0.00001
         28.8459959  9.52773 10.04757 0.054560 339.9120   2.4879 296.7850 113.6270   2.4879   9.0079   9.3169  8.46487  3.87132 -0.40437 -0.00263  0.00506  0.00002
         28.9555099  9.52697 10.04616 0.054497 339.9714   2.4879 298.0636 113.6258   2.4879   9.0078   9.3056  8.35739  4.07247 -0.40360 -0.00275  0.00500  0.00002
         29.0212183  9.52648 10.04529 0.054460 340.0113   2.4879 298.8271 113.6248   2.4879   9.0077   9.2989  8.29055  4.19202 -0.40302 -0.00282  0.00496  0.00003
         29.0869268  9.52589 10.04427 0.054418 340.0600   2.4879 299.5817 113.6242   2.4879   9.0075   9.2922  8.22196  4.31068 -0.40235 -0.00289  0.00493  0.00003
         29.1526352  9.52524 10.04310 0.054368 340.1111   2.4879 300.3333 113.6236   2.4879   9.0074   9.2855  8.15162  4.42842 -0.40160 -0.00297  0.00489  0.00003
         29.2621492  9.52421 10.04115 0.054277 340.1840   2.4879 301.5975 113.6223   2.4879   9.0073   9.2746  8.03056  4.62254 -0.40016 -0.00309  0.00482  0.00004
         29.3278576  9.52366 10.04004 0.054221 340.2182   2.4879 302.3652 113.6215   2.4879   9.0073   9.2681  7.95563  4.73770 -0.39919 -0.00316  0.00478  0.00004
         29.3935661  9.52320 10.03904 0.054167 340.2404   2.4879 303.1447 113.6206   2.4879   9.0074   9.2616  7.87901  4.85185 -0.39812 -0.00323  0.00473  0.00005
         29.4592745  9.52288 10.03827 0.054121 340.2506   2.4879 303.9368 113.6193   2.4879   9.0075   9.2552  7.80070  4.96495 -0.39698 -0.00330  0.00469  0.00005
         29.5249829  9.52264 10.03765 0.054083 340.2560   2.4879 304.7344 113.6180   2.4879   9.0076   9.2489  7.72072  5.07699 -0.39574 -0.00337  0.00465  0.00005
         29.6344969  9.52218 10.03661 0.054024 340.2739   2.4879 306.0552 113.6165   2.4879   9.0078   9.2385  7.58374  5.26128 -0.39350 -0.00348  0.00457  0.00006
         29.7002053  9.52186 10.03594 0.053989 340.2896   2.4879 306.8430 113.6157   2.4879   9.0078   9.2323  7.49936  5.37035 -0.39204 -0.00355  0.00452  0.00006
         29.7659138  9.52148 10.03516 0.053950 340.3115   2.4879 307.6247 113.6150   2.4879   9.0078   9.2261  7.41337  5.47825 -0.39049 -0.00362  0.00447  0.00007
         29.8316222  9.52098 10.03419 0.053903 340.3406   2.4879 308.3986 113.6147   2.4879   9.0078   9.2201  7.32576  5.58496 -0.38886 -0.00368  0.00442  0.00007
         29.9411362  9.52017 10.03251 0.053816 340.3785   2.4880 309.6982 113.6137   2.4880   9.0078   9.2101  7.17624  5.76010 -0.38596 -0.00379  0.00434  0.00008
         30.0068446  9.51977 10.03160 0.053765 340.3918   2.4880 310.4876 113.6126   2.4880   9.0079   9.2042  7.08444  5.86351 -0.38410 -0.00386  0.00428  0.00008
         30.0725530  9.51938 10.03073 0.053716 340.4021   2.4880 311.2800 113.6117   2.4880   9.0080   9.1984  6.99109  5.96565 -0.38216 -0.00392  0.00423  0.00008
         30.1382615  9.51907 10.02996 0.053670 340.4053   2.4880 312.0798 113.6104   2.4880   9.0082   9.1926  6.89622  6.06648 -0.38014 -0.00398  0.00417  0.00009
         30.2477755  9.51864 10.02886 0.053603 340.4058   2.4880 313.4184 113.6079   2.4880   9.0084   9.1832  6.73476  6.23156 -0.37658 -0.00409  0.00408  0.00009
         30.3134839  9.51831 10.02812 0.053561 340.4119   2.4881 314.2157 113.6069   2.4881   9.0085   9.1776  6.63590  6.32879 -0.37434 -0.00415  0.00402  0.00010
         30.3791923  9.51797 10.02732 0.053515 340.4170   2.4881 315.0138 113.6059   2.4881   9.0086   9.1721  6.53559  6.42462 -0.37201 -0.00421  0.00396  0.00010
         30.4449008  9.51763 10.02651 0.053468 340.4190   2.4881 315.8146 113.6049   2.4881   9.0087   9.1667  6.43383  6.51904 -0.36960 -0.00427  0.00390  0.00010
         30.5106092  9.51731 10.02574 0.053421 340.4169   2.4881 316.6194 113.6040   2.4881   9.0089   9.1614  6.33066  6.61201 -0.36711 -0.00433  0.00384  0.00011
         30.6201232  9.51689 10.02458 0.053346 340.3989   2.4881 317.9745 113.6026   2.4881   9.0092   9.1526  6.15561  6.76371 -0.36278 -0.00442  0.00374  0.00011
         30.6858316  9.51679 10.02415 0.053313 340.3766   2.4882 318.7994 113.6014   2.4882   9.0094   9.1475  6.04875  6.85273 -0.36008 -0.00448  0.00368  0.00011
         30.7515400  9.51675 10.02387 0.053288 340.3531   2.4882 319.6261 113.6003   2.4882   9.0096   9.1425  5.94055  6.94023 -0.35729 -0.00454  0.00361  0.00012
         30.8172485  9.51667 10.02356 0.053263 340.3346   2.4882 320.4479 113.5995   2.4882   9.0098   9.1375  5.83103  7.02619 -0.35442 -0.00459  0.00355  0.00012
         30.9267625  9.51649 10.02297 0.053221 340.3119   2.4882 321.8103 113.5979   2.4882   9.0100   9.1294  5.64561  7.16595 -0.34947 -0.00468  0.00344  0.00013
         30.9924709  9.51628 10.02244 0.053190 340.3068   2.4882 322.6193 113.5971   2.4882   9.0101   9.1246  5.53267  7.24768 -0.34640 -0.00473  0.00337  0.00013
